 0 0 2.33428e+26
 1 2490 7.05159e+12
 2 2336 1.35347e+11
 3 2213 1.23462e+10
 4 2060 9.49309e+09
 5 1940 7.1703e+09
 6 1950 7.30926e+06
 7 1861 2.57855e+06
 8 1812 1.65587e+06
 9 1777 1.30689e+06
 10 1704 939008
 11 1793 733176
 12 1707 627057
 13 1721 456612
 14 1695 343666
 15 1763 299902
 16 1688 260252
 17 1694 221566
 18 1668 176411
 19 1708 144400
 20 1768 129905
 21 1731 114959
 22 1681 104391
 23 1732 94921.8
 24 1734 88113.7
 25 1711 83864.3
 26 1737 72146.6
 27 1742 69419.9
 28 1717 65242.4
 29 1753 61611.7
 30 1706 57516.7
 31 1665 50503.3
 32 1756 47498.3
 33 1738 46124
 34 1809 44420
 35 1797 41895.4
 36 1800 40599.4
 37 1745 37784.6
 38 1769 36478.1
 39 1828 34710.4
 40 1780 32196.9
 41 1763 31295.1
 42 1804 30450.7
 43 1825 28432.5
 44 1808 26654.9
 45 1836 26082
 46 1906 25278.4
 47 1886 24002.8
 48 1884 23497.4
 49 1836 22704.6
 50 1887 22304.1
 51 1861 21352.4
 52 1898 20472
 53 1854 20136.1
 54 1865 19860.7
 55 1938 19549.2
 56 1894 18494.1
 57 1852 17574.1
 58 1881 17281.5
 59 1908 16280.5
 60 1921 15255.3
 61 1992 14833.6
 62 1941 14327.8
 63 1977 13930.7
 64 1938 13518.2
 65 2003 13200.4
 66 1970 12868.4
 67 1987 12465.9
 68 1976 12066.3
 69 1994 11641.4
 70 1933 11355.5
 71 1934 11090.7
 72 2011 10770.3
 73 1945 10479.8
 74 2074 10101
 75 2030 9814.36
 76 2022 9449.33
 77 2056 9246.88
 78 2006 9014.86
 79 2058 8735.8
 80 2006 8542.28
 81 2011 8340.6
 82 2027 8287.94
 83 2018 8068.43
 84 1988 7871.98
 85 2047 7745.18
 86 2026 7589.34
 87 1974 7493.89
 88 2014 7314.75
 89 2045 7166.03
 90 1993 7094.21
 91 2103 6972.16
 92 2072 6884.02
 93 2016 6752.99
 94 2111 6514.35
 95 2026 6407.22
 96 2056 6262.45
 97 2048 6060.21
 98 2053 5949.17
 99 2134 5748.86
 100 2072 5682.04
 101 2060 5581.52
 102 2080 5394.33
 103 2138 5300.36
 104 2235 5275.24
 105 2052 5024.67
 106 2104 4835.51
 107 2061 4665.87
 108 2168 4517.69
 109 2083 4380.93
 110 2182 4211
 111 2057 4097.39
 112 2085 4001.1
 113 2087 3873.16
 114 2089 3772.87
 115 2109 3710.27
 116 2118 3699.45
 117 2094 3655.77
 118 2124 3641.87
 119 2121 3572.23
 120 2111 3472.26
 121 2057 3402.16
 122 2103 3263.65
 123 2098 3234.13
 124 2088 3153.66
 125 2106 3109.16
 126 2109 3063.62
 127 2204 2906.92
 128 2234 2764.58
 129 2115 2745.9
 130 2076 2800.45
 131 2148 2707.98
 132 2149 2644.64
 133 2117 2588.05
 134 2143 2522.04
 135 2066 2530.12
 136 2140 2529.53
 137 2086 2436.02
 138 2126 2385.42
 139 2150 2342.29
 140 2107 2257.37
 141 2139 2231.95
 142 2143 2259.99
 143 2151 2241.95
 144 2128 2182.39
 145 2165 2124.76
 146 2123 2130.09
 147 2165 2121.73
 148 2066 2071.75
 149 2177 2014.89
 150 2165 1981.85
 151 2110 2005.02
 152 2176 1971.77
 153 2121 1940.62
 154 2126 1901.62
 155 2140 1890.51
 156 2191 1869.53
 157 2161 1854.05
 158 2055 1842.35
 159 2176 1811.96
 160 2125 1771.15
 161 2207 1748.28
 162 2172 1794.93
 163 2145 1705.06
 164 2118 1715.63
 165 2172 1753.19
 166 2190 1690.34
 167 2150 1649.76
 168 2218 1754.52
 169 2185 1715.01
 170 2191 1660.93
 171 2146 1649.4
 172 2157 1644.01
 173 2208 1627.44
 174 2183 1616.52
 175 2161 1547.84
 176 2120 1524.75
 177 2172 1520.63
 178 2123 1509.62
 179 2192 1496.32
 180 2220 1481.38
 181 2182 1504.34
 182 2234 1475.99
 183 2129 1501.03
 184 2101 1447.96
 185 2200 1477.02
 186 2231 1454.87
 187 2183 1360.61
 188 2212 1307.95
 189 2182 1346.26
 190 2207 1346.05
 191 2182 1361.72
 192 2157 1356.82
 193 2174 1261.8
 194 2204 1247.24
 195 2172 1279.39
 196 2258 1307.49
 197 2181 1314.2
 198 2138 1306.59
 199 2200 1317.33
 200 2261 1272.84
 201 2226 1248.15
 202 2177 1285.18
 203 2259 1276.91
 204 2215 1257.83
 205 2219 1238.33
 206 2201 1262.99
 207 2173 1238.9
 208 2200 1218.87
 209 2162 1240.39
 210 2172 1234.13
 211 2180 1198.11
 212 2180 1185.71
 213 2179 1167.55
 214 2176 1174.77
 215 2237 1170.99
 216 2224 1161.49
 217 2167 1162.9
 218 2198 1146.26
 219 2183 1138.05
 220 2208 1127.19
 221 2264 1141.83
 222 2184 1165.85
 223 2198 1130.01
 224 2222 1141.57
 225 2242 1139.3
 226 2196 1132.89
 227 2194 1162.8
 228 2228 1119.59
 229 2171 1107.51
 230 2266 1080.04
 231 2190 1075.36
 232 2217 1051.45
 233 2244 1048.85
 234 2204 1045.22
 235 2142 1040.17
 236 2172 1048.75
 237 2159 1042.9
 238 2139 1015.09
 239 2242 1063.52
 240 2153 1011.62
 241 2193 1032.36
 242 2203 983.399
 243 2123 1036.69
 244 2198 1044.08
 245 2190 1081.9
 246 2213 1055.05
 247 2223 1037.24
 248 2192 1000.23
 249 2126 1031.52
 250 2260 1027.69
 251 2172 998.64
 252 2213 1003.33
 253 2242 1017.38
 254 2204 993.833
 255 2241 978.752
 256 2262 1004.42
 257 2232 1007.79
 258 2221 950.249
 259 2230 983.04
 260 2189 955.63
 261 2179 958.379
 262 2197 991.751
 263 2283 957.707
 264 2186 961.035
 265 2264 951.727
 266 2228 998.455
 267 2165 974.65
 268 2148 993.611
 269 2210 981.038
 270 2231 963.221
 271 2198 900.531
 272 2163 945.561
 273 2268 901.379
 274 2250 961.431
 275 2217 895.814
 276 2231 913.41
 277 2180 956.964
 278 2225 926.688
 279 2276 887.485
 280 2239 880.083
 281 2209 894.115
 282 2222 955.689
 283 2270 940.934
 284 2200 935.049
 285 2236 899.399
 286 2279 946.54
 287 2176 923.878
 288 2201 918.954
 289 2220 944.002
 290 2224 896.917
 291 2172 878.994
 292 2229 859.603
 293 2170 867.076
 294 2167 920.48
 295 2187 902.783
 296 2237 893.201
 297 2193 865.517
 298 2243 900.62
 299 2191 836.487
 300 2192 836.892
 301 2266 861.151
 302 2259 858.427
 303 2258 867.582
 304 2199 849.171
 305 2259 850.217
 306 2294 831.391
 307 2249 869.259
 308 2234 860.923
 309 2158 835.459
 310 2152 827.569
 311 2183 862.33
 312 2218 845.718
 313 2164 813.507
 314 2250 796.037
 315 2203 815.21
 316 2236 820.064
 317 2263 828.775
 318 2275 859.178
 319 2219 833.311
 320 2276 796.725
 321 2190 795.125
 322 2215 836.181
 323 2253 816.71
 324 2295 800.745
 325 2224 853.93
 326 2232 768.529
 327 2258 819.535
 328 2211 790.915
 329 2221 789.338
 330 2246 840.631
 331 2288 824.619
 332 2236 781.582
 333 2204 815.282
 334 2251 803.861
 335 2256 802.675
 336 2239 784.364
 337 2192 778.996
 338 2303 724.181
 339 2311 760.061
 340 2175 747.597
 341 2235 744.629
 342 2249 716.173
 343 2242 742.304
 344 2254 755.526
 345 2217 774.201
 346 2216 796.741
 347 2236 772.616
 348 2235 766.602
 349 2222 731.245
 350 2194 726.015
 351 2182 748.095
 352 2282 780.111
 353 2287 751.383
 354 2263 767.405
 355 2219 751.493
 356 2251 748.787
 357 2241 784.531
 358 2232 705.976
 359 2311 756.813
 360 2302 701.539
 361 2234 744.81
 362 2234 767.181
 363 2194 730.553
 364 2268 716.07
 365 2223 723.231
 366 2317 755.583
 367 2251 720.575
 368 2266 686.833
 369 2233 742.332
 370 2216 764.64
 371 2252 777.434
 372 2216 784.792
 373 2213 767.755
 374 2211 764.402
 375 2268 752.694
 376 2282 763.945
 377 2290 800.731
 378 2225 752.509
 379 2206 730.276
 380 2249 732.919
 381 2311 720.639
 382 2277 680.863
 383 2259 690.189
 384 2253 664.398
 385 2248 718.348
 386 2245 726.506
 387 2236 715.064
 388 2351 701.955
 389 2265 707.407
 390 2180 690.308
 391 2262 755.36
 392 2329 688.464
 393 2200 729.943
 394 2211 793.888
 395 2226 754.137
 396 2255 726.378
 397 2279 719.26
 398 2274 762.459
 399 2245 798.783
 400 2297 734.237
 401 2264 693.528
 402 2202 634.798
 403 2260 657.777
 404 2297 707.575
 405 2278 678.212
 406 2226 683.774
 407 2230 683.364
 408 2247 707.258
 409 2329 703.054
 410 2219 707.37
 411 2274 637.737
 412 2236 631.658
 413 2293 657.465
 414 2284 661.789
 415 2247 668.979
 416 2220 722.827
 417 2264 694.973
 418 2241 668.246
 419 2242 707.011
 420 2286 688.671
 421 2253 643.856
 422 2200 688.627
 423 2293 651.098
 424 2349 681.389
 425 2243 648.812
 426 2220 653.338
 427 2282 617.102
 428 2231 622.032
 429 2249 692.232
 430 2261 690.272
 431 2210 727.825
 432 2254 683.867
 433 2267 731.692
 434 2244 703.593
 435 2268 679.889
 436 2312 667.727
 437 2317 649.778
 438 2278 675.047
 439 2258 613.283
 440 2294 638.85
 441 2298 657.635
 442 2261 659.944
 443 2290 604.779
 444 2315 651.986
 445 2262 617.821
 446 2262 667.412
 447 2232 608.689
 448 2229 638.789
 449 2302 654.699
 450 2273 674.799
 451 2322 651.145
 452 2273 663.376
 453 2279 614.912
 454 2243 664.853
 455 2240 658.596
 456 2275 682.465
 457 2295 666.703
 458 2267 672.576
 459 2294 681.169
 460 2307 683.291
 461 2219 676.328
 462 2268 670.256
 463 2271 623.597
 464 2231 666.826
 465 2222 611.757
 466 2268 676.688
 467 2305 673.712
 468 2246 649.236
 469 2238 610.705
 470 2243 634.329
 471 2260 628.197
 472 2244 648.912
 473 2214 618.837
 474 2239 654.299
 475 2246 662.844
 476 2274 666.44
 477 2296 640.875
 478 2232 630.6
 479 2210 647.464
 480 2234 662.467
 481 2306 637.91
 482 2355 617.051
 483 2302 623.114
 484 2272 595.662
 485 2265 616.462
 486 2246 612.763
 487 2233 645.002
 488 2274 681.144
 489 2229 613.857
 490 2238 625.684
 491 2270 597.447
 492 2292 605.979
 493 2297 601.164
 494 2295 625.954
 495 2236 585.435
 496 2242 618.853
 497 2280 649.619
 498 2226 639.872
 499 2292 666.962
 500 2304 672.469
 501 2232 582.518
 502 2162 616.525
 503 2224 630.841
 504 2247 634.381
 505 2273 595.91
 506 2247 641.803
 507 2300 668.875
 508 2242 663.752
 509 2309 626.513
 510 2278 634.202
 511 2250 692.384
 512 2276 668.041
 513 2283 681.169
 514 2295 634.037
 515 2286 680.663
 516 2269 693.337
 517 2307 639.413
 518 2258 638.081
 519 2281 621.703
 520 2282 650.411
 521 2241 676.224
 522 2275 667.711
 523 2271 638.252
 524 2216 584.283
 525 2284 627.942
 526 2271 644.741
 527 2315 606.788
 528 2178 613.678
 529 2288 592.665
 530 2276 647.753
 531 2323 660.154
 532 2303 666.98
 533 2233 667.157
 534 2257 676.941
 535 2270 661.753
 536 2335 739.084
 537 2320 687.8
 538 2286 658.71
 539 2228 633.74
 540 2191 642.929
 541 2276 662.974
 542 2243 660.051
 543 2219 621.871
 544 2313 670.915
 545 2296 651.74
 546 2320 622.079
 547 2295 622.657
 548 2283 568.485
 549 2231 598.311
 550 2213 585.373
 551 2223 629.159
 552 2316 615.851
 553 2231 582.8
 554 2312 605.602
 555 2250 687.643
 556 2262 690.267
 557 2343 673.405
 558 2193 666.057
 559 2240 594.238
 560 2296 588.354
 561 2326 580.398
 562 2296 598.958
 563 2330 614.78
 564 2245 623.67
 565 2249 585.299
 566 2247 542.987
 567 2204 568.024
 568 2356 584.952
 569 2304 610.696
 570 2254 614.667
 571 2249 601.032
 572 2318 601.398
 573 2316 552.595
 574 2292 585.152
 575 2272 600.137
 576 2317 597.54
 577 2219 563.491
 578 2266 595.34
 579 2221 628.897
 580 2244 577.791
 581 2302 583.363
 582 2197 559.293
 583 2287 565.6
 584 2330 592.321
 585 2331 624.05
 586 2293 602.131
 587 2257 651.067
 588 2325 599.26
 589 2262 581.268
 590 2351 639.996
 591 2307 617.82
 592 2257 557.389
 593 2298 622.34
 594 2320 592.344
 595 2297 602.72
 596 2283 567.188
 597 2301 575.437
 598 2286 592.592
 599 2303 580.74
 600 2294 532.757
 601 2290 535.517
 602 2343 495.695
 603 2374 523.704
 604 2315 498.702
 605 2270 544.457
 606 2301 562.986
 607 2334 570.826
 608 2268 589.678
 609 2333 576.713
 610 2297 531.949
 611 2311 516.521
 612 2301 542.042
 613 2272 552.958
 614 2230 571.34
 615 2274 556.063
 616 2312 554.639
 617 2297 596.122
 618 2304 548.85
 619 2300 565.192
 620 2230 548.46
 621 2247 511.532
 622 2281 550.305
 623 2240 605.886
 624 2325 605.194
 625 2258 591.796
 626 2296 626.194
 627 2275 678.985
 628 2292 614.277
 629 2295 623.517
 630 2284 587.701
 631 2280 625.603
 632 2277 617.71
 633 2315 586.549
 634 2300 583.535
 635 2302 627.326
 636 2349 671.02
 637 2271 665.34
 638 2282 614.742
 639 2320 579.175
 640 2290 567.747
 641 2266 607.484
 642 2248 563.384
 643 2320 506.267
 644 2301 599.048
 645 2305 647.465
 646 2314 660.501
 647 2376 611.418
 648 2320 586.077
 649 2296 628.952
 650 2355 659.42
 651 2297 622.197
 652 2253 629.129
 653 2332 607.089
 654 2289 596.03
 655 2266 587.281
 656 2266 625.438
 657 2352 649.294
 658 2310 664.202
 659 2251 672.175
 660 2303 683.761
 661 2338 636.623
 662 2319 581.787
 663 2301 538.775
 664 2233 536.655
 665 2254 546.422
 666 2266 566.667
 667 2252 537.708
 668 2321 532.79
 669 2310 514.167
 670 2285 514.291
 671 2299 506.774
 672 2285 573.533
 673 2269 519.923
 674 2351 516.149
 675 2261 494.704
 676 2301 496.008
 677 2291 506.174
 678 2285 583.11
 679 2277 639.564
 680 2247 665.18
 681 2324 636.105
 682 2288 654.079
 683 2285 618.772
 684 2274 583.31
 685 2294 612.607
 686 2295 625.683
 687 2278 615.841
 688 2333 592.082
 689 2267 595.656
 690 2334 624.146
 691 2336 572.335
 692 2285 546.566
 693 2235 574.469
 694 2286 546.574
 695 2302 497.7
 696 2316 524.921
 697 2249 511.086
 698 2244 577.547
 699 2274 549.142
 700 2316 526.859
 701 2366 524.134
 702 2301 583.251
 703 2355 567.361
 704 2349 616.944
 705 2330 590.236
 706 2372 588.424
 707 2267 577.946
 708 2280 553.794
 709 2270 556.86
 710 2292 573.122
 711 2289 512.842
 712 2285 613.407
 713 2310 578.498
 714 2322 553.096
 715 2312 533.506
 716 2239 541.162
 717 2207 540.52
 718 2293 559.225
 719 2288 548.624
 720 2280 493.453
 721 2297 502.325
 722 2272 577.343
 723 2313 578.829
 724 2334 632.995
 725 2330 604.222
 726 2327 636.118
 727 2206 617.456
 728 2291 608.103
 729 2303 607.813
 730 2329 579.363
 731 2287 614.629
 732 2265 564.44
 733 2353 548.47
 734 2308 567.954
 735 2312 615.908
 736 2339 570.314
 737 2257 558.76
 738 2272 550.883
 739 2273 546.053
 740 2303 615.925
 741 2286 626.939
 742 2304 645.392
 743 2241 654.792
 744 2295 590.183
 745 2291 547.731
 746 2297 563.467
 747 2320 602.124
 748 2272 580.415
 749 2298 613.698
 750 2294 576.752
 751 2338 560.206
 752 2267 589.818
 753 2250 564.141
 754 2333 598.601
 755 2306 557.338
 756 2311 492.593
 757 2267 518.945
 758 2314 567.363
 759 2361 521.203
 760 2247 573.141
 761 2298 630.588
 762 2249 609.137
 763 2272 578.271
 764 2344 558.913
 765 2282 525.448
 766 2303 561.072
 767 2291 549.309
 768 2288 553.377
 769 2325 515.932
 770 2350 535.037
 771 2277 554.27
 772 2325 502.459
 773 2303 551.173
 774 2343 578.34
 775 2303 588.807
 776 2361 544.482
 777 2204 613.231
 778 2328 565.267
 779 2315 574.171
 780 2301 574.962
 781 2232 531.979
 782 2353 557.2
 783 2277 536.816
 784 2254 544.079
 785 2304 574.135
 786 2295 564.003
 787 2259 585.004
 788 2295 586.289
 789 2255 628.933
 790 2271 593.728
 791 2268 576.022
 792 2278 641.35
 793 2258 593.234
 794 2276 533.792
 795 2209 533.635
 796 2278 513.911
 797 2281 575.724
 798 2277 546.066
 799 2311 563.09
 800 2285 558.828
 801 2269 516.485
 802 2286 539.853
 803 2283 640.726
 804 2268 631.401
 805 2268 552.682
 806 2306 583.248
 807 2358 639.079
 808 2249 637.397
 809 2359 556.632
 810 2259 570.06
 811 2255 570.62
 812 2320 578.826
 813 2317 605.434
 814 2273 566.297
 815 2359 507.335
 816 2294 562.238
 817 2357 591.211
 818 2318 579.642
 819 2265 597.575
 820 2312 572.204
 821 2301 573.652
 822 2242 573.816
 823 2327 579.327
 824 2338 543.373
 825 2289 590.301
 826 2329 577.202
 827 2301 565.174
 828 2334 564.283
 829 2314 572.851
 830 2313 572.422
 831 2289 555.466
 832 2289 542.464
 833 2315 560.282
 834 2318 615.95
 835 2333 570.684
 836 2346 593.792
 837 2318 533.474
 838 2349 553.339
 839 2234 545.557
 840 2261 563.092
 841 2316 557.373
 842 2306 529.771
 843 2307 514.161
 844 2315 506.627
 845 2252 539.869
 846 2257 481.379
 847 2237 475.319
 848 2262 473.779
 849 2288 538.614
 850 2293 574.776
 851 2336 554.183
 852 2280 558.935
 853 2276 572.207
 854 2277 524.57
 855 2337 567.832
 856 2296 580.081
 857 2292 503.474
 858 2255 469.308
 859 2314 523.141
 860 2300 552.372
 861 2322 529.681
 862 2241 503.96
 863 2273 540.956
 864 2301 574.076
 865 2346 553.153
 866 2375 530.197
 867 2340 546.755
 868 2284 595.047
 869 2309 583.765
 870 2302 538.552
 871 2304 520.79
 872 2333 486.46
 873 2320 513.503
 874 2329 488.388
 875 2280 490.809
 876 2298 533.378
 877 2331 532.45
 878 2249 518.566
 879 2233 547.625
 880 2273 557.055
 881 2261 561.07
 882 2246 600.417
 883 2286 569.864
 884 2184 539.829
 885 2322 538.479
 886 2284 483.366
 887 2291 423.9
 888 2277 434.488
 889 2296 492.935
 890 2253 509.131
 891 2299 531.758
 892 2275 488.397
 893 2292 459.27
 894 2284 530.714
 895 2310 536.206
 896 2250 487.068
 897 2311 469.235
 898 2289 491.324
 899 2291 532.129
 900 2250 438.311
 901 2293 487.667
 902 2292 500.94
 903 2258 513.329
 904 2326 549.885
 905 2257 533.707
 906 2283 486.027
 907 2370 581.681
 908 2292 573.716
 909 2258 549.035
 910 2360 513.113
 911 2254 514.267
 912 2301 541.97
 913 2305 554.588
 914 2279 511.194
 915 2266 554.091
 916 2224 563.814
 917 2274 569.533
 918 2314 601.253
 919 2317 596.235
 920 2360 591.251
 921 2243 510.511
 922 2313 512.374
 923 2289 547.974
 924 2266 528.353
 925 2225 486.443
 926 2235 509.303
 927 2322 533.586
 928 2330 514.776
 929 2350 583.624
 930 2280 538.766
 931 2304 540.57
 932 2267 542.447
 933 2323 518.796
 934 2276 562.811
 935 2310 561.076
 936 2278 557.264
 937 2334 545.323
 938 2254 507.135
 939 2351 527.274
 940 2344 571.371
 941 2376 509.966
 942 2344 487.055
 943 2307 506.111
 944 2367 519.639
 945 2315 532.814
 946 2231 535.911
 947 2313 518.828
 948 2294 518.587
 949 2289 522.67
 950 2275 589.35
 951 2248 567.025
 952 2265 541.93
 953 2285 520.176
 954 2304 540.591
 955 2278 496.875
 956 2278 497.894
 957 2329 570.575
 958 2310 582.998
 959 2308 583.382
 960 2315 611.035
 961 2287 527.181
